5.089726 -1.455968
5.961414 -2.979157
6.302772 -1.598745
4.948828 -1.480631
4.115692 2.765245
3.254787 4.203473
5.08953 0.6562172
2.199201 4.502752
6.677043 -4.068606
2.613597 5.139071
3.977483 1.896596
5.298352 0.6585522
4.760491 1.329033
6.696433 -3.482177
5.476203 -1.33157
6.463402 -2.963011
5.971044 -3.300391
4.461771 1.012995
4.256232 2.791551
2.343774 5.375253
2.746834 3.74067
6.154254 -1.288547
4.009618 2.270524
6.04322 -0.635751
3.046252 4.180271
3.853572 4.42893
2.83964 4.700119
5.158304 0.5441688
3.880305 1.86079
4.540515 0.7435797
6.552692 -3.158104
3.248716 3.694835
6.328942 -4.308026
2.34767 6.569921
2.236257 5.129272
4.112458 -0.3412794
6.880454 -2.778565
2.604416 5.910746
2.839116 5.394932
5.958154 -3.213303
3.393897 2.976234
3.376487 1.915553
4.0049 2.215011
4.052924 -0.8547412
5.25821 -1.714347
2.648173 5.311065
6.652008 -4.336846
5.35596 0.7352638
3.382305 5.079355
3.026028 4.476408
